.	X start	X inc	X end	Y start	Y inc	Y end
1.000	4.300	0.005	4.700
position	G'	G	T	R	GT	GR	G'T	G'R
4.3000	34175.0000	30646.0000	18903.0000	20748.0000	21.0000	10.0000	12.0000	52.0000
4.3050	33516.0000	30458.0000	18837.0000	20913.0000	29.0000	9.0000	7.0000	48.0000
4.3100	33855.0000	30419.0000	18932.0000	20661.0000	29.0000	18.0000	12.0000	47.0000
4.3150	33620.0000	30279.0000	18933.0000	20415.0000	24.0000	6.0000	10.0000	56.0000
4.3200	33715.0000	30282.0000	18642.0000	20438.0000	29.0000	12.0000	9.0000	45.0000
4.3250	33708.0000	30436.0000	18905.0000	20673.0000	30.0000	6.0000	8.0000	46.0000
4.3300	33738.0000	30292.0000	18679.0000	20515.0000	14.0000	14.0000	9.0000	59.0000
4.3350	33587.0000	30119.0000	18521.0000	20613.0000	28.0000	12.0000	16.0000	56.0000
4.3400	33916.0000	30373.0000	18934.0000	20175.0000	27.0000	15.0000	14.0000	43.0000
4.3450	33571.0000	30163.0000	18719.0000	20326.0000	18.0000	13.0000	7.0000	67.0000
4.3500	33413.0000	30313.0000	18322.0000	20098.0000	27.0000	8.0000	11.0000	56.0000
4.3550	33278.0000	30413.0000	18707.0000	20112.0000	25.0000	11.0000	10.0000	52.0000
4.3600	33209.0000	30576.0000	18631.0000	20312.0000	35.0000	10.0000	14.0000	68.0000
4.3650	33422.0000	30321.0000	18624.0000	20217.0000	17.0000	7.0000	8.0000	58.0000
4.3700	33258.0000	30450.0000	18751.0000	20001.0000	25.0000	13.0000	12.0000	49.0000
4.3750	33494.0000	30152.0000	18807.0000	20313.0000	31.0000	7.0000	10.0000	50.0000
4.3800	33178.0000	30318.0000	19039.0000	20337.0000	27.0000	9.0000	9.0000	59.0000
4.3850	33294.0000	30639.0000	18615.0000	19882.0000	27.0000	11.0000	13.0000	51.0000
4.3900	33742.0000	30173.0000	18582.0000	20089.0000	25.0000	10.0000	7.0000	43.0000
4.3950	33378.0000	30626.0000	18731.0000	20133.0000	32.0000	16.0000	13.0000	70.0000
4.4000	33440.0000	30430.0000	18578.0000	20227.0000	28.0000	18.0000	10.0000	73.0000
4.4050	33421.0000	30372.0000	18414.0000	20027.0000	20.0000	14.0000	10.0000	63.0000
4.4100	33549.0000	30681.0000	18548.0000	19920.0000	20.0000	21.0000	9.0000	47.0000
4.4150	33781.0000	30412.0000	18729.0000	20230.0000	21.0000	18.0000	14.0000	45.0000
4.4200	33388.0000	30381.0000	18495.0000	19691.0000	38.0000	13.0000	7.0000	57.0000
4.4250	33544.0000	30289.0000	18479.0000	19867.0000	20.0000	10.0000	4.0000	41.0000
4.4300	33761.0000	30535.0000	18606.0000	19897.0000	28.0000	10.0000	8.0000	62.0000
4.4350	33674.0000	30214.0000	18672.0000	19739.0000	27.0000	19.0000	8.0000	49.0000
4.4400	33442.0000	30705.0000	18744.0000	20040.0000	37.0000	8.0000	14.0000	45.0000
4.4450	33627.0000	30460.0000	18391.0000	19861.0000	20.0000	16.0000	9.0000	63.0000
4.4500	33561.0000	30492.0000	18416.0000	19980.0000	27.0000	12.0000	7.0000	56.0000
4.4550	33596.0000	30683.0000	18449.0000	19764.0000	37.0000	12.0000	8.0000	56.0000
4.4600	33387.0000	30244.0000	18588.0000	19966.0000	27.0000	15.0000	11.0000	70.0000
4.4650	33748.0000	30159.0000	18395.0000	19648.0000	30.0000	9.0000	11.0000	46.0000
4.4700	33740.0000	30778.0000	18298.0000	19908.0000	22.0000	7.0000	5.0000	53.0000
4.4750	33673.0000	30484.0000	18470.0000	19696.0000	18.0000	14.0000	14.0000	51.0000
4.4800	33488.0000	30373.0000	18476.0000	19866.0000	31.0000	14.0000	17.0000	46.0000
4.4850	33704.0000	30182.0000	18623.0000	19571.0000	35.0000	10.0000	5.0000	44.0000
4.4900	33379.0000	30706.0000	18548.0000	19778.0000	19.0000	3.0000	10.0000	64.0000
4.4950	33847.0000	30648.0000	18275.0000	19605.0000	23.0000	13.0000	9.0000	51.0000
4.5000	33392.0000	30498.0000	18633.0000	19592.0000	26.0000	13.0000	9.0000	45.0000
4.5050	33652.0000	30489.0000	18443.0000	19787.0000	26.0000	9.0000	6.0000	50.0000
4.5100	33669.0000	30525.0000	18533.0000	19666.0000	21.0000	12.0000	13.0000	52.0000
4.5150	33882.0000	30452.0000	18700.0000	19352.0000	38.0000	11.0000	6.0000	54.0000
4.5200	33803.0000	30500.0000	18608.0000	19485.0000	25.0000	12.0000	7.0000	58.0000
4.5250	33771.0000	30681.0000	18474.0000	19405.0000	23.0000	9.0000	11.0000	51.0000
4.5300	33981.0000	30509.0000	18528.0000	19461.0000	35.0000	8.0000	10.0000	61.0000
4.5350	33979.0000	30302.0000	18636.0000	18990.0000	34.0000	10.0000	7.0000	48.0000
4.5400	33842.0000	30108.0000	18361.0000	19361.0000	23.0000	13.0000	6.0000	57.0000
4.5450	34102.0000	30281.0000	18547.0000	19414.0000	30.0000	8.0000	16.0000	61.0000
4.5500	33992.0000	30789.0000	18658.0000	19201.0000	26.0000	8.0000	10.0000	45.0000
4.5550	33707.0000	30700.0000	18477.0000	19261.0000	25.0000	14.0000	10.0000	59.0000
4.5600	33886.0000	30578.0000	18738.0000	19440.0000	30.0000	11.0000	8.0000	40.0000
4.5650	34138.0000	30717.0000	19007.0000	19185.0000	30.0000	3.0000	9.0000	50.0000
4.5700	33957.0000	30624.0000	18445.0000	19104.0000	20.0000	14.0000	14.0000	48.0000
4.5750	34186.0000	30672.0000	18393.0000	18917.0000	19.0000	5.0000	10.0000	58.0000
4.5800	33982.0000	30484.0000	18662.0000	18777.0000	34.0000	10.0000	4.0000	47.0000
4.5850	48425.0000	40514.0000	28250.0000	25210.0000	25.0000	13.0000	12.0000	60.0000
4.5900	34290.0000	30360.0000	18545.0000	19089.0000	31.0000	5.0000	10.0000	53.0000
4.5950	33999.0000	30262.0000	18687.0000	18718.0000	30.0000	7.0000	5.0000	50.0000
4.6000	33898.0000	30429.0000	18551.0000	18725.0000	28.0000	8.0000	10.0000	54.0000
4.6050	34073.0000	30482.0000	18659.0000	18988.0000	26.0000	12.0000	9.0000	52.0000
4.6100	34290.0000	30746.0000	18470.0000	18736.0000	36.0000	12.0000	15.0000	50.0000
4.6150	34284.0000	30319.0000	18865.0000	18856.0000	31.0000	8.0000	13.0000	45.0000
4.6200	34080.0000	30274.0000	18459.0000	19081.0000	17.0000	9.0000	9.0000	53.0000
4.6250	34139.0000	30741.0000	18692.0000	18716.0000	33.0000	10.0000	5.0000	63.0000
4.6300	34387.0000	30388.0000	18661.0000	18620.0000	23.0000	7.0000	4.0000	63.0000
4.6350	33906.0000	30476.0000	18583.0000	18850.0000	22.0000	8.0000	17.0000	55.0000
4.6400	34201.0000	30844.0000	18501.0000	18952.0000	31.0000	2.0000	13.0000	51.0000
4.6450	34012.0000	30149.0000	18742.0000	18815.0000	25.0000	7.0000	10.0000	48.0000
4.6500	33747.0000	30053.0000	18668.0000	18647.0000	28.0000	8.0000	9.0000	54.0000
4.6550	34135.0000	30352.0000	18430.0000	18721.0000	28.0000	6.0000	12.0000	73.0000
4.6600	34348.0000	30264.0000	18704.0000	18885.0000	24.0000	8.0000	11.0000	55.0000
4.6650	34082.0000	30335.0000	18648.0000	18428.0000	15.0000	11.0000	8.0000	44.0000
4.6700	34420.0000	30318.0000	18484.0000	18892.0000	20.0000	11.0000	6.0000	56.0000
4.6750	34100.0000	30372.0000	18846.0000	18962.0000	21.0000	13.0000	14.0000	43.0000
4.6800	33963.0000	30498.0000	18976.0000	18386.0000	21.0000	7.0000	11.0000	43.0000
4.6850	34066.0000	30416.0000	18312.0000	18481.0000	33.0000	4.0000	11.0000	47.0000
4.6900	34032.0000	30387.0000	18424.0000	18602.0000	20.0000	6.0000	7.0000	55.0000
4.6950	34056.0000	30305.0000	19345.0000	18097.0000	29.0000	10.0000	8.0000	43.0000

