.	X start	X inc	X end	Y start	Y inc	Y end
1.000	4.500	0.001	4.600
position	G'	G	T	R	GT	GR	G'T	G'R
4.5000	44529.0000	44928.0000	30160.0000	27112.0000	40.0000	35.0000	7.0000	36.0000
4.5010	36358.0000	39259.0000	24411.0000	22952.0000	21.0000	19.0000	4.0000	30.0000
4.5020	30261.0000	34672.0000	18462.0000	19678.0000	52.0000	17.0000	18.0000	17.0000
4.5030	30119.0000	34470.0000	18799.0000	19779.0000	79.0000	22.0000	16.0000	32.0000
4.5040	29843.0000	34776.0000	18888.0000	19531.0000	83.0000	20.0000	12.0000	41.0000
4.5050	30083.0000	34363.0000	18665.0000	19424.0000	80.0000	34.0000	12.0000	54.0000
4.5060	30183.0000	34754.0000	18701.0000	19707.0000	38.0000	32.0000	5.0000	63.0000
4.5070	30136.0000	34604.0000	18812.0000	19414.0000	20.0000	36.0000	6.0000	47.0000
4.5080	30309.0000	34678.0000	18794.0000	19349.0000	24.0000	25.0000	7.0000	31.0000
4.5090	29590.0000	34950.0000	18756.0000	19554.0000	37.0000	12.0000	13.0000	19.0000
4.5100	30024.0000	34754.0000	18788.0000	19498.0000	70.0000	16.0000	19.0000	35.0000
4.5110	30090.0000	34448.0000	18851.0000	19824.0000	91.0000	22.0000	10.0000	40.0000
4.5120	55619.0000	52235.0000	39120.0000	32840.0000	73.0000	28.0000	13.0000	40.0000
4.5130	29905.0000	34454.0000	18862.0000	20309.0000	59.0000	36.0000	5.0000	53.0000
4.5140	29956.0000	34809.0000	18860.0000	19953.0000	32.0000	35.0000	4.0000	40.0000
4.5150	29872.0000	34467.0000	19095.0000	20170.0000	18.0000	18.0000	8.0000	29.0000
4.5160	37515.0000	40610.0000	26556.0000	24663.0000	35.0000	31.0000	22.0000	23.0000
4.5170	30223.0000	35315.0000	18945.0000	20333.0000	66.0000	15.0000	12.0000	32.0000
4.5180	30179.0000	34647.0000	18881.0000	20182.0000	75.0000	17.0000	11.0000	42.0000
4.5190	30129.0000	34562.0000	18630.0000	20337.0000	93.0000	32.0000	4.0000	42.0000
4.5200	50421.0000	49151.0000	35393.0000	30623.0000	67.0000	31.0000	10.0000	49.0000
4.5210	29901.0000	34688.0000	19022.0000	19362.0000	30.0000	33.0000	3.0000	46.0000
4.5220	30322.0000	34850.0000	19127.0000	19228.0000	21.0000	28.0000	16.0000	46.0000
4.5230	30092.0000	34595.0000	19227.0000	19582.0000	23.0000	33.0000	9.0000	16.0000
4.5240	30191.0000	34490.0000	19078.0000	19675.0000	53.0000	14.0000	13.0000	24.0000
4.5250	30345.0000	34449.0000	18917.0000	19419.0000	62.0000	18.0000	14.0000	40.0000
4.5260	29992.0000	34679.0000	18834.0000	19547.0000	87.0000	27.0000	5.0000	52.0000
4.5270	30366.0000	34085.0000	19010.0000	19043.0000	73.0000	24.0000	0.0000	66.0000
4.5280	30372.0000	34125.0000	18814.0000	19387.0000	40.0000	43.0000	2.0000	55.0000
4.5290	30102.0000	34323.0000	18990.0000	19315.0000	21.0000	31.0000	6.0000	30.0000
4.5300	30044.0000	34019.0000	18925.0000	19953.0000	25.0000	39.0000	16.0000	21.0000
4.5310	29963.0000	34133.0000	18817.0000	19940.0000	48.0000	21.0000	10.0000	30.0000
4.5320	30046.0000	34193.0000	18768.0000	19769.0000	72.0000	10.0000	9.0000	37.0000
4.5330	30110.0000	34028.0000	18581.0000	19964.0000	89.0000	19.0000	7.0000	58.0000
4.5340	29999.0000	34156.0000	18828.0000	19946.0000	74.0000	25.0000	5.0000	59.0000
4.5350	29766.0000	33928.0000	18993.0000	19831.0000	44.0000	28.0000	2.0000	49.0000
4.5360	30306.0000	33971.0000	18967.0000	19709.0000	21.0000	45.0000	8.0000	30.0000
4.5370	30132.0000	33523.0000	18854.0000	19659.0000	12.0000	30.0000	12.0000	18.0000
4.5380	30276.0000	33829.0000	18766.0000	19836.0000	39.0000	17.0000	17.0000	19.0000
4.5390	30231.0000	34097.0000	18644.0000	19607.0000	54.0000	14.0000	10.0000	29.0000
4.5400	29927.0000	33400.0000	18474.0000	19536.0000	89.0000	18.0000	5.0000	49.0000
4.5410	29710.0000	33616.0000	18403.0000	19543.0000	80.0000	22.0000	2.0000	49.0000
4.5420	29842.0000	33284.0000	18690.0000	19467.0000	41.0000	22.0000	7.0000	47.0000
4.5430	29974.0000	33815.0000	18864.0000	19269.0000	29.0000	29.0000	13.0000	31.0000
4.5440	29901.0000	33722.0000	18762.0000	19657.0000	18.0000	43.0000	9.0000	30.0000
4.5450	29857.0000	33379.0000	18624.0000	19717.0000	19.0000	29.0000	11.0000	24.0000
4.5460	29683.0000	33680.0000	18734.0000	19756.0000	44.0000	16.0000	7.0000	26.0000
4.5470	29754.0000	33292.0000	18792.0000	19738.0000	70.0000	13.0000	5.0000	47.0000
4.5480	29741.0000	33133.0000	18461.0000	19781.0000	84.0000	27.0000	2.0000	47.0000
4.5490	29616.0000	33388.0000	18619.0000	19632.0000	47.0000	21.0000	5.0000	51.0000
4.5500	29609.0000	33405.0000	18955.0000	19053.0000	39.0000	32.0000	11.0000	38.0000
4.5510	29483.0000	33316.0000	18854.0000	18639.0000	10.0000	43.0000	14.0000	23.0000
4.5520	29714.0000	33498.0000	18874.0000	18823.0000	18.0000	40.0000	12.0000	16.0000
4.5530	40552.0000	41200.0000	26773.0000	24074.0000	48.0000	24.0000	10.0000	31.0000
4.5540	32947.0000	35891.0000	21176.0000	20678.0000	71.0000	15.0000	3.0000	55.0000
4.5550	29579.0000	33345.0000	18451.0000	18970.0000	79.0000	15.0000	4.0000	43.0000
4.5560	29710.0000	33398.0000	18650.0000	18781.0000	59.0000	28.0000	3.0000	52.0000
4.5570	29824.0000	33492.0000	18770.0000	18699.0000	32.0000	17.0000	5.0000	35.0000
4.5580	29477.0000	33222.0000	18879.0000	18878.0000	8.0000	33.0000	14.0000	29.0000
4.5590	29706.0000	33808.0000	18675.0000	19052.0000	16.0000	28.0000	7.0000	13.0000
4.5600	29911.0000	33289.0000	18705.0000	18567.0000	44.0000	22.0000	8.0000	18.0000
4.5610	47335.0000	46383.0000	32028.0000	28007.0000	76.0000	22.0000	12.0000	43.0000
4.5620	29568.0000	33130.0000	18523.0000	18876.0000	84.0000	13.0000	3.0000	47.0000
4.5630	29760.0000	33665.0000	18585.0000	18655.0000	77.0000	12.0000	5.0000	60.0000
4.5640	29804.0000	33499.0000	18717.0000	18506.0000	58.0000	23.0000	7.0000	45.0000
4.5650	29842.0000	33490.0000	18848.0000	18621.0000	34.0000	33.0000	15.0000	27.0000
4.5660	29676.0000	33784.0000	18924.0000	18789.0000	16.0000	37.0000	12.0000	29.0000
4.5670	30100.0000	33645.0000	18642.0000	18742.0000	19.0000	26.0000	4.0000	40.0000
4.5680	29888.0000	33765.0000	18646.0000	18960.0000	43.0000	23.0000	3.0000	34.0000
4.5690	30037.0000	33637.0000	18444.0000	19130.0000	86.0000	16.0000	0.0000	53.0000
4.5700	30265.0000	33801.0000	18771.0000	18861.0000	88.0000	15.0000	4.0000	49.0000
4.5710	30176.0000	33802.0000	18513.0000	18821.0000	74.0000	14.0000	13.0000	35.0000
4.5720	29935.0000	34137.0000	18675.0000	18850.0000	44.0000	15.0000	16.0000	33.0000
4.5730	30141.0000	33946.0000	18853.0000	18705.0000	11.0000	32.0000	16.0000	30.0000
4.5740	30481.0000	33745.0000	18769.0000	18779.0000	20.0000	29.0000	10.0000	28.0000
4.5750	30264.0000	34103.0000	18808.0000	19561.0000	36.0000	34.0000	4.0000	44.0000
4.5760	30008.0000	33688.0000	18705.0000	19274.0000	59.0000	31.0000	4.0000	49.0000
4.5770	30009.0000	34005.0000	18607.0000	19790.0000	98.0000	22.0000	2.0000	48.0000
4.5780	30291.0000	34155.0000	18767.0000	19517.0000	85.0000	16.0000	9.0000	42.0000
4.5790	30481.0000	33906.0000	18789.0000	19441.0000	41.0000	24.0000	6.0000	41.0000
4.5800	30445.0000	34383.0000	18786.0000	19178.0000	19.0000	24.0000	10.0000	26.0000
4.5810	30537.0000	34154.0000	19031.0000	19410.0000	12.0000	31.0000	9.0000	28.0000
4.5820	30107.0000	34123.0000	18920.0000	19407.0000	30.0000	35.0000	3.0000	26.0000
4.5830	30193.0000	33846.0000	18408.0000	19643.0000	61.0000	30.0000	4.0000	43.0000
4.5840	30304.0000	34087.0000	18598.0000	19349.0000	87.0000	17.0000	5.0000	55.0000
4.5850	30629.0000	34014.0000	18730.0000	19275.0000	81.0000	16.0000	12.0000	52.0000
4.5860	30090.0000	33854.0000	18623.0000	19411.0000	49.0000	10.0000	11.0000	36.0000
4.5870	30357.0000	34021.0000	18742.0000	19466.0000	17.0000	18.0000	16.0000	37.0000
4.5880	30322.0000	34146.0000	18795.0000	19081.0000	16.0000	31.0000	4.0000	25.0000
4.5890	30003.0000	33895.0000	18560.0000	19341.0000	27.0000	47.0000	6.0000	32.0000
4.5900	30310.0000	33827.0000	18829.0000	19309.0000	49.0000	23.0000	2.0000	52.0000
4.5910	30673.0000	34094.0000	18508.0000	19401.0000	71.0000	27.0000	7.0000	51.0000
4.5920	30446.0000	34241.0000	18691.0000	19640.0000	82.0000	21.0000	13.0000	58.0000
4.5930	30364.0000	34305.0000	18832.0000	19190.0000	75.0000	14.0000	7.0000	35.0000
4.5940	30351.0000	33831.0000	18748.0000	18818.0000	42.0000	21.0000	12.0000	30.0000
4.5950	30523.0000	34306.0000	18806.0000	18772.0000	15.0000	32.0000	5.0000	30.0000
4.5960	30660.0000	33872.0000	18944.0000	18731.0000	12.0000	39.0000	7.0000	36.0000
4.5970	30461.0000	34161.0000	18734.0000	19148.0000	40.0000	33.0000	7.0000	31.0000
4.5980	30620.0000	34244.0000	18733.0000	18785.0000	73.0000	32.0000	5.0000	44.0000
4.5990	30619.0000	34158.0000	18621.0000	18950.0000	80.0000	28.0000	9.0000	45.0000
